$ 1 0.000005 10.20027730826997 50 5 43
159 -32 48 64 48 0 20 10000000000
159 128 48 224 48 0 20 10000000000
159 -32 176 64 176 0 20 10000000000
159 128 176 224 176 0 20 10000000000
w -32 48 -32 0 0
w 128 48 128 0 0
M 64 400 64 432 0 2.5
M 224 384 224 432 0 2.5
r -176 368 -176 320 0 1000
w 64 176 64 48 0
w 224 176 224 48 0
w 224 352 224 176 0
w 64 176 64 304 0
L 16 64 16 80 0 0 false 5 0
L 176 64 176 80 0 0 false 5 0
L 176 192 176 208 0 0 false 5 0
L 16 192 16 208 0 1 false 5 0
R -176 320 -176 288 0 0 40 5 0 0 0.5
w 64 400 64 368 0
w -32 0 64 0 0
w 64 0 128 0 0
r -144 320 -144 368 0 1000
w -176 320 -144 320 0
w -176 368 -176 400 0
w -144 368 -144 384 0
w -176 400 64 400 0
w 64 368 64 304 0
w -144 384 224 384 0
w 224 352 224 384 0
w -32 176 -32 128 0
w -32 128 128 128 0
w 128 128 128 176 0
L -160 176 -208 176 0 0 false 5 0
L -96 224 -96 256 0 0 false 5 0
r -144 176 -48 176 0 1000
159 -144 208 -48 208 0 20 10000000000
w -48 208 -48 176 0
w -144 208 -144 176 0
w -48 176 -32 176 0
w -144 176 -160 176 0
w -144 48 -160 48 0
w -48 48 -32 48 0
w -144 80 -144 48 0
w -48 80 -48 48 0
159 -144 80 -48 80 0 20 10000000000
r -144 48 -48 48 0 1000
L -96 96 -96 128 0 1 false 5 0
L -160 48 -208 48 0 0 false 5 0
